1 6830
1 6692.3
1 6815.5
1 6833.12
1 6791.72
1 6888.5
1 6763
1 6765.5
1 6793.75
1 6827
2 6685.71
2 6660.33
2 6672.27
2 6654.54
2 6651
2 6694.1
2 6668.5
2 6674.38
2 6660.19
2 6698.62
3 6653.69
3 6628.16
3 6654.4
3 6662.56
3 6651.5
3 6635.17
3 6645.71
3 6613.33
3 6644.83
3 6651
4 6618.37
4 6626.56
4 6615.85
4 6634.79
4 6635.56
4 6650.5
4 6622.25
4 6681.81
4 6663.33
4 6619.5
5 6647.25
5 6603.21
5 6645.31
5 6614.85
5 6636.25
5 6674.6
5 6618.14
5 6609.81
5 6610.53
5 6643
6 6603.25
6 6597.44
6 6642
6 6603.85
6 6627.59
6 6602.37
6 6607.15
6 6617.42
6 6593.75
6 6624.43
7 6609.27
7 6615.44
7 6581.79
7 6598.73
7 6627.29
7 6574.64
7 6590.56
7 6596.46
7 6646.36
7 6605
8 6583.88
8 6613.3
8 6586.12
8 6571.25
8 6581.14
8 6622.54
8 6604.29
8 6588.67
8 6603.5
8 6596.18
9 6596.89
9 6577.89
9 6590.56
9 6588.64
9 6594.85
9 6641.15
9 6599.68
9 6577.2
9 6580.17
9 6608.55
10 6591.44
10 6602.73
10 6604.6
10 6593.47
10 6590.08
10 6564.88
10 6576.16
10 6585.75
10 6599.06
10 6578.83
11 6580.56
11 6575.5
11 6584.53
11 6574.5
11 6578.38
11 6590.22
11 6583
11 6590.33
11 6587.22
11 6588.63
12 6579.31
12 6577.65
12 6590.89
12 6586.17
12 6565.57
12 6571.42
12 6567.5
12 6592.29
12 6588.08
12 6573.05
13 6573.3
13 6583.27
13 6588.75
13 6577.12
13 6594.6
13 6563.11
13 6575.85
13 6576.2
13 6585
13 6593.92
14 6572.09
14 6589
14 6581.9
14 6591.95
14 6576.76
14 6604.32
14 6579.83
14 6586.67
14 6601.55
14 6594.58
15 6562.36
15 6594.85
15 6569
15 6568.62
15 6562.38
15 6591
15 6574
15 6566.1
15 6571
15 6571.45
16 6591.26
16 6573.8
16 6565.75
16 6574.35
16 6568.46
16 6590.12
16 6588.65
16 6585.43
16 6560.28
16 6576
17 6569.5
17 6571.71
17 6579.07
17 6574.08
17 6562.06
17 6553.78
17 6572.85
17 6570
17 6580.39
17 6566.86
18 6559.22
18 6583.33
18 6571.53
18 6565
18 6571.2
18 6581.11
18 6568.65
18 6569.69
18 6571.63
18 6581.42
19 6575.72
19 6568.43
19 6576.67
19 6592.54
19 6566.9
19 6582.75
19 6565.53
19 6563.29
19 6581.33
19 6560.56
20 6571
20 6623
20 6557.25
20 6571.4
20 6560.94
20 6580.75
20 6563.75
20 6563.82
20 6564.25
20 6561.06
21 6570.22
21 6591
21 6570.7
21 6561.86
21 6563.89
21 6551.75
21 6574.86
