2 9307.42
2 9550
2 9550
2 9346
2 9346
2 9550
2 9550
2 9314.67
2 9550
2 9130.8
4 9550
4 9550
4 9346.08
4 9206.4
4 9510.43
4 9494.33
4 9550
4 9550
4 9542
4 9324.05
6 9256.29
6 9511.14
6 9346
6 9191.67
6 9550
6 9251.89
6 9193
6 9550
6 9550
6 9550
8 9531
8 9431
8 9282
8 9395
8 9337
8 9303.33
8 9437
8 9550
8 9212.5
8 9242.4
10 9231.33
10 9479
10 9537
10 9506.4
10 9207
10 9230
10 9392.13
10 9471.64
10 9550
10 9188.43
12 9550
12 9197.33
12 9245
12 9444
12 9311
12 9171
12 9443
12 9550
12 9550
12 9149.5
14 9032
14 9440
14 9419.67
14 9069.64
14 9294
14 9481.2
14 9492
14 9222.5
14 9369.47
14 9542
16 9550
16 9471.33
16 9254.4
16 9035.33
16 9130.74
16 9358.33
16 9473.57
16 9023.5
16 9490
16 9147.8
18 8724.5
18 9092.57
18 9270.67
18 9208
18 9327
18 9352
18 9550
18 9370
18 8948.17
18 9143.91
20 9228.83
20 9315.64
20 9196.77
20 9311.8
20 8753.6
20 8942.5
20 9248
20 9213.91
20 9042.25
20 9550
22 9008.33
22 8743.05
22 8938.05
22 9221.36
22 9221
22 9142.4
22 9199.67
22 9378.8
22 9550
22 9311.33
24 9550
24 9530.83
24 9446
24 8819.4
24 9451.2
24 9233.74
24 9424
24 9343
24 9128
24 9204
26 9085.5
26 9550
26 8774.33
26 9086
26 8831.86
26 9310
26 9550
26 9064.17
26 9550
26 9210
28 9088.5
28 8947.53
28 8827
28 8934.25
28 9154.5
28 8917.16
28 9076.38
28 9285
28 8928.46
28 8992.5
30 9131.26
30 9272.17
30 9174.61
30 8815
30 8885
30 9550
30 9550
30 8985.75
30 9075.6
30 9103.89
32 9471.6
32 9130.5
32 9118.5
32 8894.17
32 9114.55
32 9195
32 9118.8
32 9079
32 8664.63
32 9123
34 9508.67
34 8848.6
34 9022.12
34 9054.5
34 9064.5
34 9436
34 9044.17
34 9550
34 8962.14
34 9453.8
36 8950.15
36 8835.5
36 8970.27
36 9497.92
36 9314
36 8816.44
36 9145.77
36 8812.85
36 9550
36 9136.83
38 9184
38 9218.83
38 9327.6
38 9171.95
38 9335
38 8753
38 8925
38 8807.57
38 9107.17
38 8924.4
40 8854.6
40 8789.43
40 8739
40 8920.54
40 9078
40 9133.5
40 9148.53
40 9000.2
40 8682
40 9233.67
42 8741.5
42 9186.4
42 8953.83
42 8725.33
42 9011.8
42 9041
42 8914.74
42 9073.67
42 8985.6
42 9229
44 8856
44 8881.79
44 9278.17
44 8692.08
44 9285.89
44 8919
44 9175.95
44 8901
44 8960.17
44 8972
46 8741.07
46 8866.33
46 9070
46 8573.85
46 9068.29
46 8787.83
46 9240
46 9306
46 8983.5
46 8874.67
48 8948
48 8920.14
48 8729.21
48 8727.88
48 8752.47
48 9314.71
48 8723.57
48 9101
48 9550
48 8834.7
50 8693
50 8639.83
50 9078.83
50 9057
50 8781.5
50 9228
50 8993.3
50 8668.8
50 8664.37
50 8998
52 9134.4
52 8922.67
52 8605.58
52 8614.64
52 9314.45
52 8836.37
52 8765
52 8889
52 8668.17
52 9029
54 9105.57
54 8854
54 8673.5
54 8835.86
54 8761.93
54 8945
54 8954.29
54 8789
54 8973
54 8806.21
56 8953.8
56 8917
56 8624.94
56 8996.1
56 8943.4
56 9210.07
56 9013.8
56 8844.74
56 8621
56 8686.37
58 8979.67
58 9079
58 8658.25
58 8930
58 9177
58 8751.5
58 9400.07
58 8708.25
58 8755.74
58 8906.83
60 8587
60 8663
60 8706.47
60 8852.82
60 9170
60 8793
60 8643
60 8864.33
60 8663
60 8684.95
