2 14886.2
2 15226
2 14334.2
2 14673.5
2 15226
2 13955.4
2 14963.4
2 15226
2 14931
2 15226
4 14916
4 14354
4 14607.4
4 15042.5
4 14935.6
4 15047.4
4 14445.2
4 15195.3
4 15138.5
4 14975.2
6 14652.7
6 14521.2
6 14111
6 14371.6
6 14892.7
6 15081.9
6 14948.4
6 15116.6
6 15226
6 15044
8 14062.8
8 14883.5
8 14301.5
8 15013.5
8 14572.8
8 14485.8
8 14200.8
8 14728.2
8 14720.7
8 13971.8
10 14426.2
10 13868.7
10 14752.5
10 15042.5
10 14860.9
10 13637.1
10 14145.1
10 14486.5
10 14079.5
10 14553.5
12 14801
12 14356
12 14187.2
12 14567
12 14716.5
12 13955.9
12 14575.7
12 15226
12 15011.4
12 14689.7
14 14406
14 14498
14 14327
14 14284.5
14 14302.7
14 14063
14 14621.6
14 14730.9
14 14172.5
14 14749.4
16 14205
16 14045.6
16 14038.4
16 14498.6
16 13966.4
16 14200
16 14490.4
16 14444.5
16 14438.1
16 14141.6
18 14053.1
18 14052.2
18 14283.5
18 14163.6
18 14406.8
18 14402
18 13833.7
18 14569.6
18 14136.3
18 14357.4
20 14476
20 14630
20 13704.6
20 14577.5
20 13714.9
20 13595.5
20 14140.8
20 14494.8
20 14525.4
20 14263.6
22 13889
22 14051.9
22 14177
22 13835.1
22 13889
22 13786.8
22 13753.2
22 13743.8
22 14165.1
22 14028.6
24 13630.6
24 14117.6
24 14603.5
24 14405.3
24 14083.9
24 14194
24 13929.5
24 13731.5
24 13956.5
24 14321.6
26 14506.6
26 14468.9
26 13738.1
26 14070.2
26 13789
26 13914.6
26 13767.6
26 14427
26 13495.4
26 14058.5
28 14350.1
28 14019.5
28 13809.5
28 14005.5
28 13519.4
28 13978.2
28 13875.4
28 14144.9
28 13545.1
28 13835.5
30 13878.8
30 13764.9
30 14176.3
30 13956.9
30 14232.2
30 14444
30 13827.6
30 14424
30 13607.1
30 13625.9
32 13514.9
32 13613.3
32 13656.8
32 13818.5
32 13746.9
32 13927.3
32 14305
32 13899.9
32 13877.4
32 13970.2
34 14114.3
34 13934.6
34 13670.9
34 13839.7
34 13679
34 13866.1
34 13823.2
34 13564
34 13886.9
34 14195.7
36 13521.1
36 14081.5
36 13750.2
36 13540.5
36 13898
36 13694
36 13825
36 14119
36 13980.9
36 13487.8
38 13606.7
38 13617
38 13572.8
38 13586.8
38 13982.9
38 13834.4
38 13943.3
38 13554.5
38 13635.5
38 13916.4
40 13550.6
40 13500
40 13429.8
40 13590.2
40 13635.7
40 13648.3
40 13590
40 13532.4
40 13780.6
40 13558
42 13730.4
42 13660.2
42 13728
42 13718.4
42 13506.6
42 13955.5
42 13823.4
42 13983.5
42 13734.7
42 13888.6
44 13694.6
44 13450.9
44 13465.2
44 13738.1
44 13590.1
44 13863.6
44 13455.3
44 13753.1
44 13760
44 13454.9
46 13534.1
46 13590.8
46 13618.4
46 13664.1
46 14062.7
46 13628.8
46 13653.3
46 13628.8
46 13718.6
46 13493.8
48 14240.4
48 13849.8
48 13589.3
48 13849.1
48 13546.6
48 13862.8
48 13527.9
48 14240.5
48 13498.9
48 13689.1
50 13673.8
50 13508.3
50 13560.6
50 13583.2
50 13812.7
50 13429
50 13978.5
50 13497.3
50 13741.9
50 13438.7
52 13428.2
52 13355.3
52 13693.6
52 13456.5
52 13758.3
52 13655.8
52 13662.2
52 13697.5
52 13797.8
52 13317
54 14093.8
54 13556.6
54 13459.4
54 13708
54 14184.5
54 13494
54 13615.4
54 13452.8
54 13554
54 13711
56 13404.5
56 13870.4
56 13659.4
56 13815.1
56 13737.8
56 13604.4
56 14095.6
56 13561.8
56 13538
56 13354.6
58 13474.1
58 13551.5
58 13749.6
58 13667.6
58 13512.5
58 13470.1
58 13543.9
58 13499
58 13423.5
58 13571
60 13497.3
60 13577.9
60 13399.8
60 13515.4
60 13663.5
60 13750.3
60 13564
60 13587.8
60 13651
60 13523.8
