2 20680
2 19445.6
2 19656.7
2 20680
2 19986
2 19751.7
2 20680
2 20680
2 19623.9
2 20556.3
4 19979
4 19443.3
4 19549.2
4 20253.2
4 20213.1
4 19485.3
4 20124
4 19561.1
4 19936
4 20680
6 19539
6 20242.7
6 19731.3
6 19402.2
6 19475
6 20464.2
6 19500
6 19401.4
6 19404.8
6 19502.6
8 19551.2
8 19341.9
8 19385
8 19422.4
8 19407.4
8 19397.8
8 20680
8 19402.7
8 19588.1
8 19380.7
10 19456.7
10 19368.4
10 19447.1
10 19372.4
10 19355.2
10 19411.7
10 19349.2
10 19505.1
10 19344.8
10 19335
12 19411.7
12 19446
12 19518
12 19341.4
12 19343.4
12 19439.9
12 19335.7
12 19323.1
12 19351.1
12 19335.1
14 19398.7
14 19387.3
14 19323.3
14 19336.3
14 19361.7
14 19314.7
14 19324.4
14 19422.2
14 19337.6
14 19363.3
16 19291.6
16 19320.9
16 19370
16 19338.1
16 19364.9
16 19333.4
16 19340.8
16 19334.8
16 19327.2
16 19353.2
18 19379
18 19337.1
18 19305.7
18 19326.9
18 19339.5
18 19423.2
18 19325.8
18 19429
18 19342.1
18 19312.4
20 19336
20 19328.4
20 19326.5
20 19310.4
20 19342
20 19299.1
20 19445.3
20 19317.3
20 19332.2
20 19317.8
22 19336.1
22 19328.6
22 19304.3
22 19337.5
22 19356.6
22 19354.3
22 19478
22 19354.3
22 19310.1
22 19302.5
24 19397.8
24 19316.5
24 19334.3
24 19346.2
24 19319.6
24 19358.6
24 19295.8
24 19321.5
24 19397.6
24 19359.8
26 19336.2
26 19346.9
26 19335.5
26 19331.8
26 19341.4
26 19340.2
26 19292.9
26 19315.5
26 19331.8
26 19296.8
28 19360.2
28 19300.9
28 19347.7
28 19330
28 19345.8
28 19300.1
28 19345.5
28 19359.5
28 19330.9
28 19328.8
30 19317.1
30 19292.3
30 19304.1
30 19346.4
30 19313.3
30 19323.1
30 19314
30 19337.5
30 19290.7
30 19333.6
32 19299.5
32 19293.7
32 19309.1
32 19318.8
32 19304.6
32 19300.8
32 19325.8
32 19313.9
32 19298.4
32 19309
34 19302.2
34 19328.4
34 19331.7
34 19294.6
34 19336.6
34 19353.8
34 19331.8
34 19310.3
34 19312.3
34 19334.6
36 19333.9
36 19310.1
36 19338.3
36 19315.3
36 19306
36 19315.4
36 19326.6
36 19328.9
36 19304.2
36 19318.1
38 19342.1
38 19303.6
38 19300
38 19333.1
38 19298.2
38 19304
38 19296.4
38 19314.1
38 19333.1
38 19323
40 19310.2
40 19316.4
40 19295.9
40 19295.3
40 19315.8
40 19350.6
40 19301.8
40 19309.7
40 19294.2
40 19302
42 19326.6
42 19322
42 19304.2
42 19327.6
42 19309.6
42 19335.7
42 19293.3
42 19347.2
42 19365.7
42 19332
44 19304.9
44 19307.4
44 19311.4
44 19318.3
44 19320.7
44 19318.4
44 19336.9
44 19314.1
44 19321.1
44 19315.7
46 19307.4
46 19320.3
46 19308.5
46 19312.1
46 19294.2
46 19294.1
46 19295.1
46 19322.6
46 19290
46 19317.6
48 19308.4
48 19339.8
48 19305.1
48 19310.5
48 19319.1
48 19323
48 19309.1
48 19299.1
48 19291.7
48 19321
50 19296.1
50 19301.1
50 19287.3
50 19341.6
50 19304.2
50 19292.8
50 19304.6
50 19304.2
50 19293.9
50 19297.8
52 19309.6
52 19330.6
52 19301
52 19294.9
52 19320.6
52 19292.2
52 19316.9
52 19335.1
52 19317
52 19314.6
54 19304.2
54 19289.3
54 19323.8
54 19312.7
54 19302.1
54 19291
54 19313.2
54 19317
54 19316.8
54 19313.7
56 19295.8
56 19315.5
56 19286.3
56 19293.3
56 19310.3
56 19331.7
56 19297.6
56 19301.5
56 19325.6
56 19311.7
58 19291.5
58 19317.2
58 19294.9
58 19299.2
58 19305.1
58 19307.4
58 19287
58 19296.2
58 19302.8
58 19317.7
60 19294.6
60 19305
60 19319.1
60 19296.4
60 19296.9
60 19304.7
60 19322.4
60 19321.9
60 19291.8
60 19296.1
