2 3670.29
2 4144.5
2 3576.25
2 4322
2 3645.91
2 2096.17
2 3982.5
2 3982.5
2 2969.91
2 3944.57
4 2332.25
4 4341.5
4 4064
4 2244.58
4 2467.33
4 2709.71
4 3740
4 4191
4 2554.25
4 2665.14
6 2087.75
6 2919.75
6 3212.5
6 3210
6 3478.5
6 3400
6 2243.45
6 2345.09
6 3232
6 3022
8 3982.5
8 2486.14
8 3272.62
8 2652.14
8 2028.25
8 2266.5
8 2055.5
8 2424.75
8 2302
8 2850.5
10 2236
10 2341.41
10 2430.25
10 2114.64
10 1880.62
10 2382.25
10 2101.57
10 2584
10 2313
10 2167.92
12 2227.73
12 2155.38
12 3968
12 2144.55
12 1974.75
12 2084.07
12 2170.82
12 2568.25
12 1980.53
12 1992.47
14 2398.5
14 2299.75
14 2098.65
14 2020.25
14 2362.75
14 1798.36
14 1845.35
14 2587.5
14 2248.14
14 2113
16 2194.64
16 2142.5
16 1999.5
16 1921
16 1974.75
16 2117.64
16 2661.24
16 2151.25
16 2018.12
16 2151.4
18 1739.32
18 1836.25
18 1750
18 1994.75
18 2200
18 1917.25
18 1927.86
18 1956.25
18 2201.15
18 2035.57
20 1815.09
20 2025.38
20 2136.38
20 1809.25
20 2079.75
20 2345.29
20 1945.82
20 1928
20 1930.23
20 1814.94
22 2014.88
22 1945.25
22 1885.25
22 2062.14
22 1806.22
22 1944.71
22 1950.71
22 1799
22 2929.5
22 1919.73
24 1917.25
24 1792.17
24 1987.5
24 1967.88
24 1835.92
24 1912.25
24 1735.91
24 1864.65
24 1756.54
24 1741
26 1937.38
26 1867.64
26 1767.46
26 1938.12
26 1986.92
26 1872.53
26 2041.64
26 1923.38
26 1892.25
26 1879.25
28 1798.43
28 1858.64
28 1759.29
28 1980.12
28 1747.09
28 1892.21
28 2282.25
28 1798.17
28 1813
28 1868.38
30 1866.79
30 1874.5
30 1808.85
30 1728
30 1818.17
30 1694.53
30 1750.53
30 1933.89
30 1850.88
30 1670
32 1949.29
32 1837.5
32 1672.62
32 1671.91
32 1738.7
32 1966.12
32 1781.38
32 1837.5
32 1719.18
32 1768.73
34 1750.25
34 1689.18
34 1785.72
34 1706.75
34 1736
34 1867
34 1680
34 1713.18
34 1738.67
34 1726.58
36 1758.62
36 1792.43
36 1824.29
36 1741.62
36 1652.62
36 1647.88
36 1656.61
36 1795.94
36 1691.3
36 1880.75
38 1828.45
38 1692.53
38 1713.33
38 1730.5
38 1759.27
38 1693.56
38 1689.82
38 1631.25
38 1752.71
38 1711.14
40 1789.11
40 1773.71
40 1651
40 1728
40 1742.5
40 1730
40 1713
40 1603.61
40 1762.29
40 1684.5
42 1904.37
42 1755
42 1729.44
42 1728
42 1783.89
42 1758
42 1763.18
42 1853.06
42 1954.74
42 1714.71
44 1626.44
44 1652.25
44 1748.75
44 1770.5
44 1777
44 1727.46
44 1656.5
44 1610
44 1702.5
44 1736.43
46 1745.62
46 1806.27
46 1739
46 1726.25
46 1782.62
46 1792.36
46 1728.5
46 1680.64
46 1589
46 1686.88
48 1574
48 1659.44
48 1730.5
48 1764.62
48 1616.1
48 1766.32
48 1684.62
48 1774.5
48 1651.43
48 1918.35
50 1684.76
50 1709.43
50 1684.5
50 1649.38
50 1711.36
50 1652.25
50 1698.12
50 1701
50 1690.88
50 1755.25
52 1694.4
52 1699.35
52 1724.14
52 1680.18
52 1767.53
52 1694.18
52 1686
52 1738.95
52 1867.2
52 1755.25
54 1893.07
54 1791.47
54 1809.88
54 1681.85
54 1730.5
54 1599.58
54 1730.5
54 1887
54 1681.56
54 1758.29
56 1609
56 1707.05
56 1701.29
56 1711.18
56 1651.94
56 1678.3
56 1689.15
56 1679.62
56 1651.12
56 1647.25
58 1648.15
58 1682.7
58 1689.75
58 1706.75
58 1630.47
58 1659.59
58 1770
58 1596
58 1647.59
58 1698
60 1730
60 1740.06
60 1672
60 1623.28
60 1766.14
60 1763.8
60 1685
60 1664.74
60 1653.5
60 1726.47
