2 41301.8
2 41311.6
2 41302.9
2 41381.1
2 41309.9
2 41353.6
2 41270
2 41255.5
2 41425.2
2 41378
4 41301.4
4 41300.5
4 41249.8
4 41315.2
4 41286
4 41347.5
4 41262.3
4 41292.5
4 41313.6
4 41259.5
6 41306.6
6 41273.1
6 41264.8
6 41273
6 41252.8
6 41275.8
6 41257.8
6 41296
6 41249.7
6 41286.8
8 41281.2
8 41254.2
8 41280.7
8 41254.3
8 41276.2
8 41257.6
8 41250.4
8 41253.1
8 41252.1
8 41266.4
10 41280.4
10 41266.6
10 41283.5
10 41235.5
10 41230.8
10 41250.2
10 41244.8
10 41274.4
10 41231.5
10 41251.1
12 41263.1
12 41248.4
12 41254.4
12 41240.5
12 41238
12 41228.8
12 41258.2
12 41270.5
12 41249.4
12 41250.9
14 41261.7
14 41259.8
14 41262.6
14 41264.6
14 41244
14 41256.7
14 41261.9
14 41251.3
14 41246
14 41244.1
16 41233.6
16 41264.3
16 41260.3
16 41249
16 41222.3
16 41255.9
16 41242
16 41236.2
16 41221.9
16 41237.7
18 41223.4
18 41217.3
18 41257.2
18 41247.6
18 41231.5
18 41251.8
18 41250.5
18 41222.3
18 41252.8
18 41226.8
20 41235.2
20 41246.7
20 41229.2
20 41254.2
20 41230.6
20 41238.6
20 41271.4
20 41241.6
20 41226.9
20 41258.1
22 41236.7
22 41245.2
22 41260.8
22 41235.6
22 41242.9
22 41236.8
22 41256.3
22 41224.6
22 41232.2
22 41240.4
24 41251
24 41234.5
24 41228.5
24 41238.2
24 41225.6
24 41242.5
24 41262.5
24 41228
24 41239.7
24 41230.8
26 41257.8
26 41226.5
26 41251.3
26 41228.7
26 41243.9
26 41238
26 41235.9
26 41227.2
26 41235.4
26 41248.2
28 41248.5
28 41238.1
28 41221.4
28 41224.6
28 41241.2
28 41215.9
28 41232.9
28 41245
28 41239.5
28 41222.5
30 41236.5
30 41233.4
30 41226.3
30 41222.7
30 41230.8
30 41232.5
30 41260.2
30 41244
30 41252.7
30 41221.9
32 41240.8
32 41225
32 41234
32 41235.6
32 41232.8
32 41232.1
32 41229.6
32 41247.8
32 41229.7
32 41226.8
34 41242.9
34 41229.7
34 41216.5
34 41222.9
34 41233
34 41238.6
34 41221.6
34 41215.3
34 41242.4
34 41226.9
36 41225.4
36 41238.9
36 41230.3
36 41241.6
36 41231.9
36 41237.7
36 41229.6
36 41224.7
36 41214.1
36 41247.3
38 41224.9
38 41222.6
38 41238.8
38 41225.8
38 41224.8
38 41225.5
38 41236.8
38 41227.4
38 41236.2
38 41217.8
40 41228.5
40 41233.2
40 41228.2
40 41231
40 41237.1
40 41229.9
40 41242.9
40 41230.6
40 41216.3
40 41250.2
42 41220.7
42 41228
42 41232.8
42 41231
42 41220.7
42 41226.1
42 41231
42 41233.6
42 41221.3
42 41222.9
44 41215
44 41227.3
44 41219.4
44 41221.2
44 41235.2
44 41235.6
44 41228.4
44 41233.2
44 41241.2
44 41234.8
46 41246.4
46 41239.1
46 41236.1
46 41233.5
46 41246.8
46 41225.5
46 41234.1
46 41233.7
46 41223.5
46 41219.1
48 41217.5
48 41233
48 41225.5
48 41216.5
48 41246.1
48 41240.5
48 41235
48 41239.9
48 41224.9
48 41231
50 41233.5
50 41240.7
50 41243.2
50 41217.9
50 41224
50 41225.9
50 41220.9
50 41219.6
50 41227.3
50 41215.8
52 41228.3
52 41226.8
52 41230.8
52 41232.9
52 41222.1
52 41229.7
52 41239.9
52 41239.5
52 41240.1
52 41244
54 41230.2
54 41236.8
54 41228
54 41235
54 41228.3
54 41233.6
54 41224.1
54 41236.6
54 41236.8
54 41217.8
56 41221
56 41227.7
56 41221.6
56 41239.7
56 41229.5
56 41238.4
56 41231.1
56 41223.9
56 41228.3
56 41218.6
58 41214.8
58 41219
58 41223.6
58 41230.9
58 41223.8
58 41230.7
58 41226.4
58 41230.4
58 41228.9
58 41228.6
60 41232
60 41224.5
60 41239.7
60 41236.2
60 41222.2
60 41234.9
60 41241.2
60 41222.2
60 41225.1
60 41220.8
