13 62 106 164 256 283 300 321 337 438 487 508 605 614 665 765 768 801 823 884 949 952 959
159 175 204 212 247 833
1 80 85 107 146 168 232 299 304 338 366 390 391 424 433 527 531 562 620 652 687 712 731 744 773 843 870 919 934 972
158 183 216 231 251 269 376 383 410 426 448 450 455 473 511 539 593 709 723 736 770 772 945 965
59 136 166 211 250 292 344 370 406 418 421 465 535 581 598 599 638 890 891 993 999
50 89 105 133 202 221 243 358 474 519 564 615 627 689 716 753 791 832 860 923 927 957 977 980 988 998
65 155 335 355 411 526 876
25 74 116 120 138 140 165 208 225 259 276 325 348 382 384 417 439 443 447 449 503 506 513 516 635 662 728 817 859 910
5 94 192 257 307 475 558 583 602 679 694 697 714 720 824 831 976
37 193 223 404 440 518 569 580 789 893
3 14 20 27 48 96 124 178 336
144 180 194 218 227 233 249 319 322 356 470 525 553 557 571 573 624 648 657 660 692 750 769 793 815 845 856 879 914 944 996
87 111 161 174 305 320 339 340 385 394 444 559 654 695 699 761 886 978
30 49 195 219 400 555 734 735 782 836 901 907
36 73 103 199 230 235 317 397 483 606 626 639 841 847 857 898
84 101 104 110 130 152 186 261 434 494 548 610 669 783
32 160 179 214 237 263 296 297 362 381 429 454 468 495 528 577 666 701 751 776 897 918 964 966 970 983
45 70 265 368 546 691 755
23 57 92 98 102 142 188 215 289 303 308 367 419 427 453 458 486 492 514 544 641 670 671 785 818 821 827 829 909 922 947 961 967 975
47 82 118 244 258 281 579 601 693 839
53 63 83 190 210 252 282 313 333 401 420 435 622 740 779 784 796 799 869 880 908 913 926 928 962 986
0 17 126 162 242 271 301 501 645 668 713
6 10 33 86 99 131 224 238 246 262 266 274 286 318 341 365 380 413 485 499 510 675 721 754 763 803 877 930 932 940 956 971 981 982 984
58 121 147 148 149 240 241 350 363 386 387 395 445 466 534 609 613 618 647 664 680 681 690 760 804 842 855 997
35 41 42 67 203 278 312 398 437 451 484 529 547 565 585 589 592 603 619 673 711 762 795 797 888 896 994
9 15 64 229 268 479 488 608 640 672 717 727 756 798
108 119 154 182 191 205 287 392 409 431 493 500 643 767 812 852 858 911 936 948 974
66 71 81 134 141 176 226 393 738 872 894 906
19 21 88 112 254 272 360 521 532 536 611 616 747 819
2 60 78 115 245 255 389 461 512 520 523 561 575 630 663 733 749 786 788 794 838 882 921 931 941 942 950
29 77 125 132 198 213 222 294 463 552 560 590 633 636 637 644 704 790 822 867 920 951 969 991
12 22 54 128 156 220 490 730
8 11 69 150 275 314 388 402 423 667 676 698 737 766 840 850 968
100 127 135 157 187 209 260 309 361 407 460 478 489 497 498 524 604 621 646 708 787 808 809 958
4 18 76 109 117 171 248 273 277 315 328 331 347 375 405 456 522 542 551 597 715 802 816 874 892 938 943 989
16 44 75 93 114 201 206 234 236 316 481 491 537 550 594 617 632 696 705 706 719 745 778 780 781 810 878 902 946
24 52 56 68 217 330 415 517 684 688 758 834 935
51 145 184 197 293 352 372 396 457 476 482 507 538 567 596 612 674 682 861 864 881 887 903 963 992
95 302 530
31 34 332 541 554 625 683 700 741 752 813 826 837 848 883 885 937 939 990 995
39 46 91 139 143 172 185 196 267 280 291 295 357 373 441 477 504 533 568 584 649 650 653 659 729 900 924 933
40 43 55 324 329 346 399 408 428 442 459 623 718
122 239 279 285 364 412 414 425 452 462 502 545 600 607 686 726 764 774 849 853 863 866 871 905 912 925 929
123 167 169 349 353 416 430 464 540 576 658 759 825 835 844 846 916
26 38 97 173 181 228 270 284 310 311 323 334 359 432 472 496 549 642 678 722 775 800 807 830 953 955
72 153 163 253 288 371 379 436 480 566 588 631 634 655 656 661 677 685 703 707 710 724 814 873 954 979
7 61 79 137 170 264 290 326 327 403 467 469 471 572 574 578 702 725 748 757 777 806 820 828 851 854 899 904 915 985
113 151 177 200 306 354 374 378 446 556 570 586 591 792 875 973
28 90 189 207 298 342 343 351 422 509 515 563 587 629 651 732 739 742 743 771 865 868 889 895 917 960
129 345 369 377 505 543 582 595 628 746 805 811 862 987
9439.12
