74 85 203 253 450 471 562 825
100 341 377 425 440 505 594 757 829 856 862 909 963
126 152 180 359 448 500 769 854 857 870 961 989
13 102 112 305 402 474 491 728 779
33 36 80 84 110 117 121 157 194 273 287 344 358 376 401 427 487 488 503 507 535 552 553 558 564 672 718 827 890 915 976
195 258 884
70 72 82 119 143 186 206 231 233 265 296 297 300 325 415 496 523 569 600 622 628 629 631 637 696 744 755 782 792 803 844 901 953 954 974 994
153 181 182 191 227 245 246 252 259 348 397 478 490 508 520 574 587 602 621 648 694 706 745 783 793 816 866 881 895 971
248 313 317 641 842 955 986
44 155 283 290 298 363 396 409 433 441 506 566 675 676 697 764 775 806 843 943 965 969
42 54 93 99 197 254 282 295 310 352 371 378 406 418 489 572 603 633 640 642 664 670 691 763 778 832 833 853 960
41 43 48 62 94 115 139 210 250 279 284 343 347 367 417 453 578 598 658 663 682 702 712 717 812 814 830 995
14 71 87 134 169 170 172 212 243 261 299 306 312 328 353 357 366 408 428 435 444 516 532 543 557 580 703 715 722 773 882
314 585 798 903 924
83 133 389 661 667 726 780 863 865 883 904 908 910 978
77 98 105 118 149 158 185 221 339 375 423 429 459 463 467 533 573 710 766 771 790 791 821 851 858 935 936 940 951 964 990 998
165 249 270 350 393 570 577 591 610 617 623 627 635 638 660 671 721 730 741 772 801 817 864 891 902 946 968 987
29 35 45 60 107 113 123 132 163 177 179 183 237 275 329 335 374 392 439 473 539 551 650 681 740 820 921 945 950
174 192 247 316 320 356 364 369 404 431 436 438 514 550 571 708 732 831 880 988
8 34 38 58 114 136 187 190 201 236 238 264 268 276 301 405 419 443 466 481 497 540 584 619 736 765 777 786 789 840 841 892
342 455 802 873 937
28 137 198 272 430 452 457 582 593 613 615 693 788 795 805 811 839 913 916 926 952 984
64 90 124 151 200 214 257 285 291 334 361 362 470 512 643 734 748 761 804 828 837 919 977
17 21 22 122 131 135 159 161 281 288 333 354 372 454 472 521 525 548 555 669 700 729 746 818 875 934 949 981
15 47 59 73 274 531 874
96 120 148 255 332 449 583 653 657 686 822 923
30 57 176 220 239 365 420 451 461 823 859 933 979
9 23 278 302 307 446 886 907
4 78 164 173 267 337 370 458 483 517 592 624 651 709 768 800 808 809 852 878
2 20 50 53 97 162 184 391 542 656 677 679 869 899
56 95 209 216 242 384 565 666 689 759 774 938 970 982 991
219 235 280 330 383 432 465 527 581 607 692 707 785 850 868 948 962
3 55 125 144 156 175 204 222 251 338 412 434 468 485 586 589 609 612 636 644 723 733 742 835 867 912 932 980 992
7 16 63 101 128 146 189 193 202 205 218 224 456 502 509 511 536 597 625 630 737 797 807 810 848 855 861 879 887 925 928 942 993 997
25 140 225 437 931
19 24 108 116 234 373 403 410 504 599 687 699 714 752 770 794 947
76 178 208 232 262 311 324 346 349 413 499 518 556 645 711 897
5 10 75 109 127 166 277 286 351 381 477 534 541 549 560 595 616 639 659 698 749 756 845 896 920 930 967 975
1 12 39 65 66 86 207 226 308 326 416 442 476 544 605 647 652 673 762 781 876 941 944
46 51 154 168 229 271 318 355 386 426 482 554 611 649 665 704 799 834 900
40 69 292 327 368 486 568 683 719 720 731 751 860 872 914 918
26 68 91 294 319 340 445 526 561 608 632 634 654 674 727 739 750 758 767 796 846
6 18 61 106 167 171 228 244 289 379 380 400 462 484 494 495 546 547 567 678 716 738 819 824 871 888 906 929 956 959 972 999
11 27 67 79 104 150 211 293 304 309 315 331 336 345 360 387 414 422 479 529 538 545 563 575 604 618 684 713 725 743 776 849 893 894 927
0 32 52 88 103 147 199 215 230 256 323 388 390 398 460 492 510 519 579 590 606 680 690 760 784 813 826 996
130 196 223 269 385 475 559 576 588 596 601 668 735 747 753 877 885 889 905 966 973 983
37 49 129 138 142 303 399 407 524 537 626 724 754 836 922 957 985
31 81 141 213 266 322 382 493 515 705 939
89 92 111 160 188 240 241 260 394 395 411 421 424 447 469 480 501 513 522 528 620 646 655 662 688 695 701 787 838 898 911 958
145 217 263 321 464 498 530 614 685 815 847 917
9891.33
