109 117 236 311 440 450 465 633 688 703 730 792 864 881 898 947 956 957 971
43 71 80 281 284 285 770
7 132 149 176 201 207 230 235 238 251 264 276 373 374 384 422 535 607 667 697 748 752 763 809 821 877 883 921 944 961
19 114 348 411 412 506 640 662 672 700 731 734 806 816 841 846 939 951 978
33 82 216 262 302 307 334 350 395 474 516 550 563 649 779 799 839 923 930 933
15 22 51 125 153 174 177 221 222 224 306 372 419 452 464 469 557 565 575 641 663 725 805 861 868 886 889 937 948 952 989
47 85 129 175 269 325 485 559 601
134 148 232 253 273 337 340 345 435 439 442 505 530 532 569 609 732 768 776 854 870 894 917
13 263 275 332 354 390 423 477 527 592 650 727 737 811 836 866 941
429 555 571 615 687 820 905
20 38 53 137 170 249 274
74 139 169 171 366 370 376 388 407 416 434 449 514 560 574 578 598 602 622 660 678 706 733 790 798 826 897 925 934 940 991
40 90 92 242 319 385 398 500 512 551 590 608 686 716 787 812 872
122 133 279 286 368 421 501 612 666 721 722 777 869
23 116 124 200 241 298 346 361 513 621 647 690 709 780 800 904
98 154 205 228 255 327 410 504 520 741 985
3 10 60 63 131 352 367 393 438 473 521 524 533 547 581 596 597 618 754 808 896 900 919 931 938 996
77 213 289 303 364 403 431 546
14 31 58 88 180 188 250 287 343 379 417 493 508 584 587 610 638 651 658 669 677 702 750 758 791 804 823 830 835 851 943 950
4 27 121 128 202 548 645 675 691 694
26 120 140 152 215 261 278 335 358 380 391 399 404 446 468 523 611 629 747 755 828 845 862 888 935 949 969 994
36 64 87 156 194 196 197 220 297 301 313 316 318 426 495
67 69 99 157 181 217 265 314 321 353 362 406 496 529 543 553 623 654 664 684 696 749 753 775 847 871 878 884 902 907 929 984
6 18 130 155 168 295 299 331 355 377 408 441 531 646 659 729 751 761 778 782 838 840 876 899 914 972
30 42 45 108 192 214 245 248 349 363 424 453 487 499 525 539 586 589 594 604 634 637 639 655 711 773 783 979 990
113 119 165 172 193 218 271 309 356 382 386 389 414 599 630 795 910
25 34 57 209 260 291 296 396 490 577 606 653 681 723 743 973 975 976 992 997
24 93 102 118 258 342 359 402 456 478 583 682 726
65 94 143 158 183 293 294 312 430 526 676 698 819 895
61 62 107 167 173 304 413 447 459 466 483 492 507 518 537 570 579 593 603 605 620 644 648 756 760 771 822 825 849 924
28 59 166 191 225 259 315 322 344 357 415 454 460 476 482 491 626 668 712 738 742 788 834 837 863 915
29 32 39 110 163 190 451 852
9 37 55 136 144 150 247 277 328 420 479 486 552 572 757 769 955 958 986
78 91 145 178 182 267 397 400 445 455 544 624 631 661 692 736 785 927 966 980 983
12 41 56 70 75 86 160 161 219 237 288 458 467 542 549 564 628 652 718 746 781 796 882 959 960 965 982
52 54 81 105 138 198 463 497 510 536 558 567 580 588 627 642 670 679 695 705 744 813 815 850 887 912 946
1 50 147 210 254 347 585 680 701 759 885 942
2 11 142 179 185 211 326 341 365 392 470 480 484 509 515 619 689 720 807 853 857 867 953 968 987 988
46 73 256 272 308
0 83 123 135 159 310 324 375 427 428 461 498 519 538 554 707 735 739 789 814 818 829 865 874 928 936
68 112 164 243 252 266 418 436 437 488 511 545 643 708 710 717 745 890 903 922 945 981
21 106 141 162 246 257 566 616 714 873 995
48 49 100 115 189 203 233 282 338 360 369 371 383 471 481 522 528 561 591 656 665 685 719 774 801 802 832 842 858 918 962 998
8 103 151 212 229 329 425 433 540 556 635 740 762 767 797 810 908 916
44 66 79 126 187 206 226 227 231 268 280 333 381 448 517 562 576 617 671 786 794 848 891 911 913 964
76 95 111 199 234 300 378 401 472 502 503 534 582 595 613 632 673 724 765 855 901 906 932 970 974 999
5 17 35 72 89 97 101 104 208 244 270 387 394 444 462 600 674 693 713 772 793 803 824 831 833 843 860 893 920 926 954 977
16 84 96 146 184 186 239 305 320 351 443 457 475 489 573 614 704 766 993
127 195 204 223 283 290 323 330 336 409 541 625 636 657 683 699 715 764 784 817 827 856 859 879 880 892
240 292 317 339 405 432 494 568 728 844 875 909 963 967
9470
