2 64 100 166 204 227 259 326 448 504 538 539 722 742 754 816 872 942
57 80 82 83 108 119 125 154 201 221 248 262 281 332 338 360 369 392 476 502 511 637 677 682 690 699 844 884 895 907 993
98 165 176 241 267 531 551 668 693 748 834 935 964 976
25 60 69 106 142 179 190 228 233 257 271 325 327 329 375 388 457 519 628 658 707 725 762 809 824 839 856 886 897 901 921 936 977
43 112 263 341 489 586 702 837 953
11 34 89 152 225 296 331 354 366 368 378 402 436 459 461 530 532 550 611 663 723 724 729 736 746 802 819 843 845 850 852 896 917 963 986
8 126 238 330 404 493 509 557 558 708 787 801 847 912 991
140 393 440 591 625
17 37 115 168 177 207 358 674 772 838 906
6 70 104 157 195 220 229 270 357 432 475 477 695 767 829 832 889 930 990
9 93 105 130 212 216 234 297 322 458 510 520 534 585 689 731 737 756 853 954
56 121 123 181 183 187 189 208 213 224 268 286 306 318 447 540 559 568 623 656 694 704 734 774 804 836 902 941 975
16 469 576 685 792
14 44 51 85 118 148 158 323 396 562 582 730 795 825 882 927
53 107 113 114 210 320 342 416 426 443 449 471 513 580 675 705 761
0 13 42 52 72 117 164 170 197 260 307 315 316 328 344 361 395 397 417 441 454 472 484 527 600 607 629 662 771 803 851
15 39 101 172 174 185 205 250 305 317 401 446 480 546 571 595 596 640 716 785 811 948 973 974
63 111 159 355 594 654 667 691 888 925 961 987
277 359 641 861 868 914 957
22 23 253 400 407 796 947
94 150 304 348 350 351 381 418 438 483 524 543 598 714 750 760 876 911 924 969
12 74 75 193 274 423 516 645 687 732 780 814 817 858 871 972 999
32 147 171 219 240 265 282 333 336 352 380 399 409 485 507 512 521 561 573 601 664 671 696 743 779 830 841 857 890 929 934
242 303 390 453 492 497 515 552 617 653 776 873 874 928
36 61 73 128 136 374 470 533 553 621 879 988
20 45 47 50 245 261 308 385 427 431 434 545 570 624 636 650 679 798 899 943
71 132 199 279 285 335 514 518 745 775 893 910 956
1 10 59 109 155 200 254 363 387 698 797 813 848 867 900
29 81 137 146 160 188 217 218 247 252 272 283 302 319 377 439 451 491 517 537 587 592 665 766 823 919 940 965
54 86 167 192 196 223 289 321 408 535 555 556 631 632 706 713 715 719 739 744 800 807 831 835 854 880 995
65 202 412 597 616 619 944 978
19 143 230 236 353 460 490 547 634 655 673 709 721 778 782 820 931 959
4 7 18 21 28 38 95 131 149 169 173 209 214 301 364 371 382 415 430 473 499 501 528 536 544 577 612 613 618 627 752 842 846 849 860 885 904
33 48 96 135 180 206 246 256 310 313 337 384 411 433 444 481 487 522 574 603 605 680 733 840 998
91 163 184 198 273 288 292 298 299 340 403 421 442 467 486 583 584 590 711 753 768 786 822 877 898 945 951 962 996
67 110 122 133 244 398 410 503 569 633 649 661 686 701 703 718 749 790 810 864 909 937 981 997
5 76 92 97 127 145 276 290 293 349 394 463 608 638 643 651 747 759 828 883 892 913 920 967 989
31 35 68 78 211 294 314 334 347 420 437 465 494 566 604 609 789 799 827 866 870 881 952
26 102 124 138 139 186 203 309 346 372 406 413 424 474 548 572 578 581 683 700 757 788 833 887 916 923 971 982 994
41 62 77 88 129 134 153 156 191 251 300 312 376 383 389 425 456 478 498 508 523 593 635 642 669 684 717 784 812 878 932 949
222 226 258 269 291 429 652 678 770 960 985
141 419 450 560 565 606 644 720 735 755 781 806 808 821 826 992
46 58 66 162 235 239 311 324 391 422 428 435 466 496 541 599 602 610 615 647 666 670 676 681 688 712 738 815 863 915 922 933 966
84 120 144 175 178 232 243 278 356 365 455 464 479 529 563 579 620 740 763 791 946 958 980
49 264 373 379 648 726 777 805 865 891 939
505 542 614 769 859 862 894 979
30 40 55 87 90 99 194 255 345 462 468 526 567 588 622 659 660 710 727 751 764 794 855
3 24 103 343 362 405 554 564 626 646 672 758 783 905 918
27 79 182 275 414 445 452 495 500 575 728 741 793 875 908 950 968 970 983
116 151 161 215 231 237 249 266 280 284 287 295 339 367 370 386 482 488 506 525 549 589 630 639 657 692 697 765 773 818 869 903 926 938 955 984
10285.2
