6 35 48 51 60 109 110 130 162 208 209 214 224 229
33 54 62 84 90 94 96 101 120 123 164 219
25 63 69 83 86 87 116 119 135 153 157 173 182 201 228
14 36 77 81 85 89 104 105 126 139 203 206 217
17 37 41 52 78 118 138 140 161 172 195 215 231 236 245
0 10 15 71 75 82 93 148 152 159 170 175 190
26 58 65 68 102 107 141 143 211 230 237 249
45 55 66 98 106 132 134 144 145 158 186 193 194 221 239
49 53 103 122 154 156 167 178 189 192 204 210 213 223 232
18 61 79 92 97 113 121 127 147 165 188 207 218 240
22 27 30 40 50 114 131 150 171 183 197 199 227 234
8 9 16 28 67 76 112 168 205 212 246
4 11 24 57 91 128 155 179 181 187 216 235
3 21 56 64 108 111 117 125 166 176 177 180 202
1 20 23 29 44 59 70 73 198 241 242 248
34 38 39 74 136 142 163 169 174 184 200 225

7 43 88 99 133 137 151 160 185 196 220 247
2 5 12 46 47 72 80 115 124 129 238 243 244
13 19 31 32 42 95 100 146 149 191 222 226 233
7245
