81 95 115 214 217 226 316 317 393 413 456 474 539 571 607 657 661 709 728 745 750 780 787 818 824 856 864 907 913 933 940
66 185 208 246 259 271 285 293 298 403 440 441 443 448 472 492 514 610 619 659 689 702 742 833 994
57 145 147 289 366 450 462 481 870 872 923 995
23 26 32 63 79 238 279 369 394 445 455 485 497 504 534 559 647 665 686 826 893
75 83 131 170 243 255 288 344 345 373 421 480 501 536 547 549 581 605 609 630 663 671 700 714 717 755 760 766 769 836 919 921 938 942
0 1 9 18 96 163 249 257 275 330 333 349 392 478 502 621 646 672 701 815 817 831 892 922 986
16 103 111 142 172 173 233 260 286 324 353 380 387 401 409 493 499 519 522 569 606 696 736 758 803 853 890 897 904 911 927 955
49 87 124 198 201 203 248 264 272 276 294 307 396 458 469 555 556 633 641 655 669 806 915 987
21 132 270 291 313 331 342 362 463 487 515 521 548 691 715 779 785 801 809 863 868 884 916 929 973 991
14 43 98 105 109 134 135 158 176 178 199 215 229 258 310 348 372 395 418 442 449 465 491 541 544 552 602 638 698 840 866 901 909 950 958 963 982
20 54 156 160 192 209 223 311 337 406 414 434 479 506 508 513 564 618 628 640 653 708 757 797 843 879 881 920 981
110 114 130 350 378 384 389 516 575 591 722 726 740 895 906 912 961 988
15 22 84 231 273 425 427 432 580 623 828 835 848 871 873 974
24 34 55 67 102 121 125 136 138 150 161 207 251 269 281 283 303 323 338 341 354 404 566 590 644 650 685 693 734 762 811 832 838 937 946 948 952
3 60 89 128 241 247 262 277 296 411 538 627 634 656 675 692 825 899 970
58 70 77 129 169 174 221 326 332 452 457 613 616 674 684 711 719 759 768 830 910 979 997
99 266 280 301 358 374 385 388 451 453 468 477 498 535 579 617 735 842 858 894 984
13 37 175 315 368 436 438 500 563 594 612 645 660 704 791 854 944 996
11 162 211 235 290 390 397 402 446 484 486 490 494 505 729 730 751 767 887 917
2 35 42 112 119 149 202 335 382 423 489 577 587 670 681 724 733 746 771 772 781 802 814 821 855 883 908 999
5 189 355 356 537 584 615 679 723 860 862 968
61 71 118 122 166 179 187 212 244 375 398 433 459 600 622 694 752 820 896 965 971 977
25 97 113 116 127 184 222 261 339 360 417 435 482 496 523 524 540 543 654 676 682 712 738 744 770 788 808 819 975
50 51 73 82 93 100 225 237 292 365 383 420 495 586 667 889 947
38 46 151 194 263 300 381 391 470 503 510 525 553 603 636 637 678 778 798 850 976
36 117 164 167 177 183 206 216 239 256 268 284 302 336 346 352 359 379 412 527 558 668 718 747 756 773 775 851 876 880 888 931 983
52 88 144 180 191 364 471 512 530 595 596 599 697 727 741 748 793 865 960 966 989
64 65 90 190 197 308 351 419 430 460 488 531 532 542 565 588 631 713 763 774 784 796 812 846 849 867 900 914 918 949 953 972 978
40 91 123 133 140 153 168 250 274 327 416 464 683 716 754 783 804 805 829 941 943
7 101 157 186 200 218 278 305 334 367 386 405 408 410 437 461 473 511 557 614 639 642 652 695 706 707 749 776 795 807 841 859 874 905 957 990 993
30 45 53 72 85 154 205 242 253 325 454 545 710 731 822 932 992
19 27 76 80 106 139 141 188 213 219 267 282 314 320 329 357 376 467 550 570 620 688 703 739 743 782 891 902 930 934 936 956 959 969
4 8 41 44 86 196 227 234 297 400 475 528 554 597 635 658 732 869 885 924 954
10 28 31 33 39 94 146 210 265 370 529 573 608 626 651 666 677 680 799 839 844 878 951 998
47 92 159 171 230 254 371 377 422 424 507 574 583 589 625 629 673 705 816 823 845 852 882
120 137 165 204 240 299 321 328 343 415 444 509 518 533 578 582 598 604 648 699 777 861 886 903 962 964
59 68 182 220 232 347 363 426 466 546 560 572 585 593 753 800 827 875 925 939 985
12 17 29 104 148 193 245 287 304 309 319 361 399 551 562 568 592 643 662 664 687 761 764 765 790 794 813 935
62 74 108 155 181 195 224 340 429 520 601 624 720 737 834 877 926 928
6 56 69 78 126 143 228 252 306 318 517 526 561 611 649 690 721 725 786 789 792 810 837 847 857 898 980
48 107 152 236 295 312 322 407 428 431 439 447 476 483 567 576 632 945 967









6143.43
