67 104 144 161 196 204 206 239 251 278 281 352 399 405 438 506 526 536 538 551 557 574 575 613 648 726 836 853 859 885 927 946 960 980
6 88 252 328 401 415 468 486 642 668 740 939
56 63 138 171 238 286 317 427 446 466 614 623 644 661 844 978 982
76 84 114 211 227 302 309 350 359 407 433 454 494 499 505 628 682 804 826 880
57 58 77 97 98 112 129 143 202 260 283 322 324 456 501 518 549 577 578 633 699 704 733 751 763 768 776 791 797 911 929 969
11 106 186 230 312 383 409 430 431 496 752 886 916 933 974 975
19 25 59 65 105 146 160 194 242 261 290 297 318 327 346 357 380 396 403 572 582 616 627 639 732 738 830 833 834 847 862 889 900 912 953 955 968 988
66 73 95 212 221 224 249 258 287 321 455 532 679 794 838 884 921 944 963 971
60 82 101 113 125 137 180 381 451 457 478 524 530 550 592 597 805 814 855 866 876 897 937 940 998
13 24 127 148 178 179 270 315 351 365 392 482 488 491 512 515 563 567 596 606 632 635 711 717 728 771 784 788 801 811 906 907 914 918 932 938
2 44 170 175 183 234 275 355 366 449 465 587 591 619 638 721 758 774 778 920
121 130 150 181 229 277 299 326 341 342 448 472 484 487 534 540 565 579 580 589 621 650 654 667 681 683 892 945 958
23 29 41 45 61 90 151 416 417 513 691 841 850 873
3 10 83 108 134 164 233 313 333 349 368 441 473 480 548 554 605 624 655 685 697 709 722 785 800 854 881 931 951 983 986
18 39 241 410 428 492 547 618 629 643 653 666 690 819 827 832 852 872
30 38 75 86 93 156 268 273 331 363 367 374 393 429 542 622 657 659 703 727 745 793 839 846 962
110 154 305 307 344 437 463 535 630 766 874 875 882 904 930
174 244 386 464 516 608 615 617 646 676 737 750 753 795 824 860 864 887 936 941 949 979
32 42 71 89 96 102 120 147 198 232 279 293 294 360 382 389 425 453 481 610 625 656 678 694 851 910
17 37 142 162 167 173 184 228 236 253 254 257 314 373 375 388 414 558 566 700 724 779 787 818 868 909 977 991 999
52 53 94 124 158 191 207 280 345 358 398 412 440 503 511 541 603 620 695 808 823 842
21 103 118 153 168 271 274 325 361 475 483 539 741 747 796 798 817 870 957 970 985 987
16 80 87 107 201 240 245 256 259 262 272 337 402 458 467 507 508 544 546 556 560 636 651 660 669 714 720 723 729 756 767 772 773 777 786 792 815 895
72 92 115 166 203 216 247 265 267 269 371 474 529 604 675 730 742 802 813 825
54 55 68 100 209 237 306 334 336 338 397 477 510 523 559 696 734 761 828 837 843 867 905 996
20 109 111 126 139 157 219 226 348 354 369 390 406 434 461 522 552 595 607 692 759 765 781 858 865 896 899 903 922 961 990
36 135 165 182 193 213 214 220 222 319 329 490 525 553 581 626 701 713 715 725 748 835 863 935 964
69 91 116 119 122 185 217 235 291 308 311 340 347 384 435 439 445 447 489 514 531 562 586 671 686 693 719 731 764 816 840 878 902 952 992
40 192 248 370 385 413 419 421 426 537 584 637 662 739 822 857 901 925 926 950
141 210 276 282 394 509 520 569 594 602 712 736 744 780 789 790 810 917
4 12 22 28 188 215 243 264 285 353 378 432 598 634 645 658 670 706 757 809 861 908 981
48 145 149 155 159 205 223 295 335 387 395 497 519 527 533 570 588 599 680 718 749 783 820 871 924 976 989
9 27 47 136 176 199 323 442 555 612 652 677 689 755 829 966 993
1 33 78 79 303 420 479 543 568 684 799 807 821 848 891 942 956
70 123 163 172 177 231 332 400 493 600 898 934 972
46 50 128 131 133 169 187 195 255 364 372 377 561 573 583 593 640 672 702 707 716 746 760 803 806 890 893 919 954 967 984
14 15 49 225 246 301 316 320 408 423 436 460 471 495 500 528 611 631 647 688 710 770 845 849 869 913 959
0 7 31 117 132 140 152 190 292 310 330 418 452 517 545 576 609 641 649 663 673 705 782 928 943 947 994
35 64 74 99 208 263 284 300 304 376 379 404 422 443 450 462 469 470 485 502 590 664 665 698 708 775 831 883 973
8 34 62 189 197 218 250 288 343 356 362 391 411 444 459 476 498 504 521 571 674 743 754 762 769 812 879 888 948 995
5 26 43 51 81 85 200 266 289 296 298 339 424 564 585 601 687 735 856 877 894 915 923 965 997









6200.22
