124 467 697 730 842
130 405 454 554 596 604 615 740 805 838 850 931 943
41 102 262 266 275 290 301 386 397 494 633 649 704 750 803
78 363 610 650 817 901 929 999
0 7 15 29 87 156 172 175 201 299 326 349 369 374 381 400 415 434 448 452 464 500 512 514 611 643 669 674 687 720 773 782 787 830 867 886 924 948 989
30 248 357 609 899
1 18 36 139 160 191 222 230 351 368 414 421 439 473 528 546 603 691 770 783 792 798 800 857 858 881 887 939
19 93 96 100 122 136 154 188 192 221 264 353 380 443 481 523 547 578 600 652 667 701 737 741 743 813 855 865 874 898 926 985
9 167 213 365 613
66 118 119 229 273 336 449 482 484 491 492 507 513 651 677 706 710 796 909 911 935
6 46 68 116 152 183 195 260 268 310 348 417 432 532 597 692 725 746 772 781 794 848 851 870 875 915 930 987
144 159 216 231 311 319 425 431 524 527 530 536 568 571 581 629 664 670 717 733 734 774 825 917 962 963 966 978
11 62 98 104 135 141 161 210 233 250 278 282 345 373 392 398 399 423 447 474 545 594 595 619 642 654 655 657 685 748 756 864 944
24 51 359 442 461 789 835 863
4 57 69 77 206 218 372 402 407 427 539 564 579 690 705 793 804 856
16 60 61 67 126 162 181 247 259 371 384 387 468 526 556 602 617 620 744 810 890 892 945 955 984 994 995
44 59 82 95 115 158 308 309 355 396 430 480 499 558 599 673 684 729 759 801 814 843 859 893 967
26 88 131 149 150 155 166 176 193 234 237 238 312 316 335 437 475 488 490 563 624 695 723 768 840 896 910 996
137 220 246 269 302 404 478 489 635 679 823 836 847 906 918 920 921 953 958
14 54 81 94 103 125 138 186 197 292 296 304 401 436 508 538 566 577 582 585 607 614 656 666 761 807 869 872 913 933 954 964 965 974
219 477 678 732
35 50 65 173 236 240 249 261 315 331 364 424 458 493 504 557 688 754 784 820 894
21 28 113 170 178 180 300 307 323 422 440 469 471 487 622 625 694 721 735 790 806 849 876 883 925 973
37 90 111 120 127 169 196 232 239 257 279 306 328 338 411 457 466 503 518 522 525 533 553 788 844 904 934 960 981 992
85 147 285 343 451 583 587 621 680 686 714 739 916
72 242 352 520 567 675 860 900 905 914 990
52 151 255 274 330 646 775 932 942
12 208 340 496 551 601 665 731 776
63 97 117 140 142 163 272 294 344 356 410 465 573 580 637 641 769 808 846 862 882 950 991
27 101 214 334 634 752 764 811 834 871 902 972
39 40 153 198 209 225 241 293 321 438 450 486 632 659 822 853 868 889 971
53 79 86 157 271 322 339 426 506 608 658 766 791 895 986
8 48 64 164 217 226 254 286 412 416 445 479 483 550 552 560 561 569 681 689 713 755 802 833 912 928 951
17 32 47 49 55 121 205 207 211 354 378 476 485 498 501 515 517 535 540 570 586 627 638 647 683 727 831 837 979 983
265 382 588 653 661 676 884 897
132 165 182 284 317 324 375 394 529 709 716 728 891 903 997
107 110 263 341 361 406 408 497 562 591 639 644 663 703 771 815 832 861 873
25 45 105 109 148 177 200 202 258 277 346 377 409 460 462 495 623 645 672 693 699 736 786 819 839 866 879 880 936
10 38 112 128 179 204 244 270 318 325 350 362 370 419 521 543 616 682 698 708 751 760 818 852 907 949 980
2 5 83 134 168 203 245 297 305 367 391 429 453 459 510 519 575 712 956 968
20 171 199 224 385 393 395 420 534 542 626 998
56 91 99 114 174 327 333 376 456 576 636 640 724 877 919 938 961 988
33 43 74 75 108 129 190 194 276 280 303 314 329 388 403 433 435 444 463 531 541 544 549 574 612 628 668 726 747 785 829 922 941 947
31 70 76 89 123 184 228 256 267 283 360 383 390 509 511 537 584 590 593 631 660 662 700 702 707 718 749 780 799 809 888 976 977 982
13 22 73 80 212 289 313 337 347 366 379 418 428 446 455 470 472 572 592 605 719 742 745 767 777 778 795 816 824 923 927 940
106 145 189 223 281 291 320 413 502 548 598 618 715 812 827 946
3 133 143 146 252 295 298 358 565 648 762 763 779 797 845 957 970
23 92 505 516 589 765 854
34 58 71 185 227 235 243 251 287 288 332 441 555 559 630 738 753 757 758 821 826 828 841 878 908 952 975
42 84 187 215 253 342 389 606 671 696 711 722 885 937 959 969 993
9866.33
