5 53 214 310 315 375 391 401 405 439 446 451 473 646 655 707 752 775
27 42 48 70 111 132 180 224 239 302 317 433 499 503 516 535 555 571 594 622 650 684 709 742 768 801 821 824 870 878 939
16 43 44 115 179 196 221 326 348 349 472 653 682 813 964
1 40 82 141 187 206 225 250 263 281 304 339 351 352 381 417 436 440 468 513 523 529 613 620 660 674 699 730 817 854 879 894 897 917 996
58 87 259 458 563 708 714 748 780 795 926 950
64 75 77 109 140 192 208 238 264 291 308 309 325 373 410 465 478 537 548 560 565 632 633 638 652 757 837 885 886 900 954 972
79 80 105 117 166 256 422 435 471 584 718 723 773 834 864 880
299 495 546 688 772 792 856
125 267 343 573 662 672 675 841
177 287 409 419 443 449 476 532 621 647 673 703 717 728 823 828 910 931 952
30 204 220 236 303 424 457 462 511 514 587 598 663 690 839 851 989
78 110 129 171 193 213 226 240 292 318 360 368 463 497 569 586 591 642 697 710 719 756 761 790 829 858 888 946 949 975 997
270 412 425 522 615 736 774
175 201 207 219 234 244 370 541 596 776 940 943 951
21 36 62 101 168 200 210 306 340 547 577 579 678 698 722
7 20 38 66 67 113 137 209 215 231 273 275 288 293 312 327 366 392 437 438 441 629 640 679 715 727 836 867 907
10 26 100 130 133 189 199 235 313 469 479 520 570 576 626 645 737 769 788 791 816 912 916
99 134 203 357 415 427 454 461 482 528 534 545 771 806 810 974 979
85 241 300 489 902 914
37 92 153 268 311 574 669 967
90 195 367 383 390 403 505 515 567 636 667 732 799 804 815 849 937 953 968
32 86 89 212 228 294 338 353 359 554 631 671 683 711 734 760 786 848 927
0 2 29 33 60 96 118 145 182 232 243 248 255 272 285 371 429 491 493 551 588 602 630 681 712 747 755 762 793 794 863 908 944 959 986
24 63 116 181 319 321 356 423 426 494 601 611 731 861 913 923 956 969 984
12 107 123 253 261 361 566 733 741 785 859 955
8 17 23 102 108 146 172 382 492 559 568 578 592 612 619 778 827 892 915 993
59 135 190 295 434 445 500 510 627 735 764 934 990
47 52 91 159 188 459 480 538 597 634 700 929
4 39 98 157 257 262 271 377 402 404 509 539 549 599 635 680 745 753 763 822 877 895 903 905 909 936 966 977 988 995 998
51 65 72 112 142 164 289 322 342 354 521 527 575 590 610 704 750 777 802 871 891 932 935 941 962
222 502 651 781 805 868 942
49 136 149 160 186 223 400 455 498 512 581 648 705 743 809 862 922 957
14 54 68 114 120 131 139 211 216 246 249 265 280 324 332 337 345 362 374 386 411 418 450 453 553 686 800 807 818 853 865 921 928 947 987 992
22 93 119 176 227 314 331 346 413 496 536 603 677 687 691 759 770 846 925 983
45 88 95 163 205 320 333 363 389 431 456 490 501 504 531 609 639 656 725 740 751 798 835 842 904 948 958 994
28 151 278 283 330 344 350 358 407 562 713 726 758 789 840 869 876 887 980 991
31 34 41 71 74 76 94 156 185 254 266 421 507 524 561 572 604 657 658 668 676 739 765 767 890 896 898 901 976
97 124 144 152 165 167 237 269 279 290 336 347 355 432 467 474 475 518 540 550 583 585 637 693 695 797 844 920 924 982 999
50 57 147 150 158 197 202 218 247 252 305 399 408 428 448 452 543 564 593 595 694 746 812 832 852 872 899 981 985
9 127 173 178 194 233 242 282 286 301 334 384 406 416 420 460 466 470 487 525 526 542 600 643 664 665 702 766 803 814 826 845 919 938 945 965
81 230 260 298 385 608 614 616 796 843 963
18 106 148 162 365 395 447 625 628 689 754 831 855 874 889
3 35 46 73 84 154 155 161 169 251 393 442 519 580 582 644 649 661 685 696 724 744 779 808 819 830 860 875 881 882 883 960 971
25 184 198 274 276 307 369 378 398 430 483 486 605 701 784 833 838 866 873
19 174 380 484 557 918 933
284 316 533 787
6 11 55 56 61 104 121 143 258 341 414 488 530 544 556 589 624 654 666 738 857 893 911
138 170 183 191 335 394 396 397 481 552 558 617 706 720 825 847 850 930 978
13 69 122 128 296 323 388 444 464 485 606 607 623 721 783 820
15 83 103 126 217 229 245 277 297 328 329 364 372 376 379 387 477 506 508 517 618 641 659 670 692 716 729 749 782 811 884 906 961 970 973
10307.2
