13 14 22 49 50 112 113 120 123 146 176 180 221
4 6 24 39 67 97 141 149 187 189 193 220
2 10 38 54 59 81 98 108 121 125 155 157 175 228 239
9 31 62 64 77 109 162 171 209 210 216 242 248
16 27 30 48 66 69 85 88 102 114 131 139 153 196 238
44 57 68 79 80 173 200 207 208 222 225 230 241
100 111 138 143 147 159 167 174 205 213 243 249
20 34 37 71 90 101 104 105 110 117 142 192 232 233 237
26 36 45 46 51 56 92 128 132 135 164 166 201 212 247
7 29 41 43 75 86 106 151 156 163 179 198 219 224
5 33 60 61 99 150 154 178 199 202 203 204 227 235
0 70 118 119 130 133 165 177 181 190 215
1 15 21 95 107 124 136 184 197 214 218 223
35 40 55 76 91 93 122 126 129 134 144 145 182 244
18 23 32 52 63 82 89 137 160 169 170 188
19 65 78 83 103 115 140 161 183 211 229 245

47 87 94 116 152 185 186 217 231 234 236 246
3 8 17 25 53 58 73 74 158 191 194 195 206
11 12 28 42 72 84 96 127 148 168 172 226 240
7208.06
