3 46 77 456 487 838
263 320 407 729 883 905
0 21 29 50 79 150 188 208 313 473 501 526 587 619 723 735 757 768 783 896 949
37 110 124 167 261 329 348 499 530 614 712 734 755 761 818 835 844 956 960 967 982
34 39 103 168 173 193 235 240 241 310 319 363 367 469 515 520 556 579 633 638 824 852 907 945 974
92 128 179 307 381 425 431 437 561 650 671 846 887 933 939 947
7 56 112 115 154 184 192 446 451 543 593 747 764 902 963
23 57 60 129 189 214 282 308 365 479 567 606 621 642 709 721 780 878 911
12 13 26 132 165 212 242 298 311 333 379 496 540 545 624 635 698 731 739 742 850 927 962 992
8 61 101 120 252 294 316 330 361 468 577 588 589 654 675 679 704 773 806 849 893 970
24 43 44 126 140 145 190 195 237 268 303 370 434 521 532 610 658 758 795 799 819 876 891
42 91 104 130 187 218 243 277 351 483 574 613 688 691 719 798 801 938
10 45 55 59 88 113 142 234 289 336 371 405 420 441 459 616 641 666 677 695 726 738 740 750 766 881
22 69 76 170 177 200 272 288 293 297 358 360 373 418 578 680 696 699 730 787 820 959 985 990
15 27 147 199 396 403 406 455 516 563 565 623 655 685 720 769 859 987
32 85 87 162 219 221 450 480 489 552 573 583 599 667 694 892 914 941
185 205 210 239 341 362 464 562 580 600 603 663 772 817 853 855 863 889 904 934 958
40 94 143 161 181 226 231 314 321 397 399 415 454 491 570 590 627 665 786 829 920 964 969 989 994
20 65 118 160 257 260 323 359 382 488 505 553 581 653 672 710 732 785 810 861
51 63 138 216 220 247 266 274 338 391 398 438 596 626 630 728 760 847 857 921
5 36 183 191 206 271 295 385 410 477 533 537 609 702 733 803 804 822 831 890 924 984
106 292 334 366 393 484 506 529 549 631 751 752 775 781 788 897 942 983
2 136 166 207 232 251 324 369 404 429 457 524 525 541 664 926 928 966 977
28 58 68 70 156 259 283 325 352 353 384 422 474 566 637 741 794 805 814 877 936
49 148 149 197 202 364 372 401 460 511 528 536 608 687 767 774 909 940 946 973
16 233 281 318 375 388 475 620 674 700 711 724 830 848 865 885 888 908 944 968 986
1 18 19 73 78 100 109 152 176 249 322 368 392 433 518 646 656 744 749 759 812 813 827 841 862 882
14 33 135 211 224 531 534 551 585 598 678 809 825 833 842 872 899 971
54 164 172 256 287 350 416 430 508 519 564 634 647 669 690 713 722 756 923 950 972
66 72 144 169 236 279 306 349 354 453 591 615 659 668 701 796 816 906 922 925
158 300 408 414 436 492 493 558 568 595 640 689 727 762 815 840 867 886 898 917
81 117 222 245 254 264 276 328 339 444 472 481 507 535 645 811 931
25 35 80 121 153 209 315 327 337 340 344 386 461 514 636 643 802 807 839 843 873 875 894 910 912
41 53 67 86 89 95 96 186 290 317 331 332 345 356 440 465 478 486 498 523 539 584 594 649 837 979
52 174 244 253 309 312 445 497 605 639 714 779 784 800 860 884 975 978
17 90 201 269 278 291 377 395 476 482 502 509 548 559 602 618 628 703 715 770 808 845 871 874 900 919 948 952 955
97 105 122 155 194 204 273 275 301 347 413 554 571 670 676 776 782 797 828 916 943
6 9 98 159 213 225 229 246 378 380 387 390 412 421 435 458 778 793 826 869 870 935
31 108 114 134 151 163 178 180 217 238 262 265 284 296 304 510 569 617 961
47 71 83 285 302 471 538 607 612 632 661 693 716 832 854 856 858 913 995
64 228 258 374 383 394 400 442 463 586 592 681 717 789 929 980 981 993
131 133 171 175 270 286 305 326 423 490 544 555 582 601 706 746 771 823 895 901 932
11 48 75 84 99 102 111 137 146 157 203 223 250 299 343 402 417 449 625 686 868 879 880 954 976
62 123 127 255 411 470 504 542 546 550 557 560 597 662 692 718 745 754 937
141 182 215 357 376 389 432 443 448 452 522 604 652 657 684 777 791 834 864 866 951
82 93 342 466 485 500 503 512 517 611 622 629 660 705 707 725 753 763 765 790 903
30 74 116 125 139 198 346 355 409 426 439 467 495 575 683 736 792 836 918 988 991
4 38 119 227 248 267 335 419 424 427 462 494 527 547 644 651 697 821 957 996
107 196 230 280 428 447 513 572 576 648 673 682 708 737 743 748 851 915 930 953 965
766.923
