178 263 342 420
65 117 143 233 449 544 585 730
72 119 122 156 202 252 308 463 469 482 490 513 635 672 676 677 695 752 834 838 846 885 930 970
95 97 216 297 303 315 316 494 499 557 659 693 701 732 784 786 805 829 877 922 946 996
54 100 125 240 294 298 478 497 540 614 668 688 739 760 763 771 866 870 898 914 950 962
63 91 101 227 321 375 450 468 501 537 561 623 675 712 889 938 982
129 177 295 369 434 445 462 473 525 530 573 724 773 926 955 973
11 37 116 146 173 197 220 349 351 465 500 633 653 673 679 692 718 729 750 839 843 945
189 217 307 350 401 409 415 488 528 562 569 599 697 772 774 884 943 964
29 44 96 104 114 319 327 328 344 346 359 378 383 481 485 549 616 637 681 751 807 813 858 919 951 985
53 90 138 160 175 195 203 265 427 471 594 609 649 665 687 715 728 821 859 957
81 103 120 170 181 292 306 366 387 391 407 442 506 519 669 708 791 825 875 968
78 121 192 213 247 322 335 358 403 461 495 529 580 735 757 762 811 894
42 47 118 123 256 282 299 311 318 339 360 405 411 658 666 667 689 782 844 848
27 34 196 206 234 254 267 280 388 392 402 448 456 476 505 595 663 690 702 719 790 801
71 169 273 324 416 479 538 646 662 737 767 778 783 789 927 960 963 966 969
7 35 36 61 73 251 293 300 389 396 431 432 502 551 554 556 566 607 640 694 736 804 828 832 850 933 941 965
32 102 145 159 211 243 276 329 362 507 605 766 794 802 833 840 862 897 924 975
23 25 30 165 191 268 372 379 419 480 542 608 678 738 929 958 972 976
49 68 92 99 229 236 241 284 374 393 464 489 516 531 555 629 634 706 744 764 765 852 888 905 906 932
20 64 166 246 291 423 458 550 612 630 661 714 740 769 818 827 861 895 940 986
55 105 115 151 184 200 309 338 474 515 587 602 700 703 845 869 904
38 75 89 130 262 264 320 326 343 438 512 604 624 647 726 855 887 890 903
135 140 152 187 198 210 231 356 444 541 593 713 810 837 841 893
6 13 52 77 161 193 224 230 441 443 543 611 636 686 741 815 864 868 880 944 959 961 967 971
0 46 62 67 106 158 278 290 296 347 386 454 483 526 577 621 685 699 755 768 907 913 931
8 40 176 270 286 288 333 354 508 511 522 617 641 655 670 743 748 781 814 823 939 947
43 174 183 304 332 382 425 475 484 534 558 809 936 989
3 4 14 19 22 31 107 163 168 258 314 348 371 395 514 589 622 628 654 684 734 847 896 916 942
76 88 98 209 215 221 261 325 364 367 370 417 466 710 824 842 851 912 917 949
16 41 93 144 219 271 310 345 363 421 491 559 586 625 707 709 742 758 797 891 899 991
45 155 239 283 287 301 376 412 546 553 584 598 671 716 780 819 822 886 988
21 111 133 171 250 435 437 447 455 504 535 545 615 650 698 722 725 788 796 812 817
2 18 58 113 131 154 194 212 222 248 269 334 385 422 430 487 498 548 603 642 648 753 800 820 860 974 981
33 124 204 218 279 305 313 436 460 492 547 563 581 721 733 746 747 777 830 863 915
10 39 66 82 141 147 162 208 226 255 272 285 312 365 390 408 424 429 440 582 639 704 749 795 856 857 865 872 874 995
69 70 108 245 249 260 277 377 451 517 578 620 638 691 759 785 803 853 867 901 934 954 979
79 94 127 157 214 235 259 331 340 368 384 426 428 493 564 567 723 775 883 910 923
1 48 50 128 132 136 139 167 182 317 373 457 520 532 565 613 793 876 878 902 920 994
110 164 180 199 201 225 439 571 574 591 664 705 720 745 879 882 918
15 83 150 253 274 275 281 337 394 410 414 496 596 601 644 835 854 928 983
5 28 56 112 341 397 399 477 518 533 588 610 643 651 680 977 984
60 148 185 205 207 257 289 418 446 452 503 521 560 575 619 632 645 674 756 776 808 937
9 12 186 237 266 355 404 406 472 570 590 600 683 779 798 826 831 909
80 126 172 302 352 453 459 527 579 597 606 618 626 631 652 696 727 792 873 881 992
17 51 109 188 323 353 398 413 467 509 552 583 660 682 711 731 761 806 816
24 74 223 228 232 330 336 361 380 524 539 572 754 770 799 836 849 953 978 987
59 84 86 87 134 137 153 179 190 238 244 568 576 657 717 900 908 911 925 935 948 956 980 990 993
26 57 85 142 149 242 357 381 400 433 470 486 510 523 536 592 627 656 787 871 892 921 952
774.842
