2 11 14 16 17 39 50 58 73 74 75 98 102 119 124 152 162 183 184 192 194 204 216 228 233 241 243 255 259 267 274 283 305 311 319 351 377 382 386 390 393 397 411 437 438 440 447 456 465 472 480 500 516 524 527 528 533 545 548 550 556 558 559 560 568 569 585 590 595 602 636 640 649 666 668 674 690 700 707 712 713 714 724
1 23 26 28 31 37 45 48 52 54 63 69 85 86 91 93 97 110 120 121 128 136 146 157 160 161 169 172 173 177 178 179 181 205 211 220 231 237 250 262 285 317 322 325 330 350 356 370 372 383 405 408 409 410 413 425 435 450 453 463 478 482 521 530 532 543 549 561 621 622 643 661 667 673 692 706 716 721
4 8 19 33 38 49 70 71 82 89 101 115 117 126 127 129 130 137 150 158 164 170 186 203 221 224 225 235 256 264 284 290 294 321 334 349 358 365 374 385 387 389 421 422 428 429 431 436 457 466 489 492 506 508 510 520 563 564 566 574 576 599 600 605 614 616 618 626 629 635 645 656 659 662 663 687 691 693 698 699 701 702 709 719
0 5 9 12 22 79 87 94 100 107 132 134 143 147 155 171 189 191 209 223 229 238 247 260 261 291 301 318 320 336 344 367 373 378 384 398 399 402 407 420 426 439 443 454 470 496 499 512 526 531 536 539 551 567 572 573 575 579 580 586 592 603 607 615 633 637 650 651 652 675 680 683 684 685 689 704 711 717 723
18 42 51 55 56 59 64 65 67 84 105 106 108 112 141 154 165 187 198 214 226 227 239 240 245 253 254 258 265 266 292 299 310 324 326 327 331 340 346 347 371 395 406 432 434 445 448 458 467 468 473 476 484 486 505 513 515 517 523 535 540 544 557 597 609 611 648 657 658 670 710
47 60 66 72 77 81 92 104 114 131 138 142 144 148 182 199 200 201 213 215 242 244 248 270 271 272 288 306 307 312 316 323 335 338 345 353 366 375 391 392 401 424 430 455 464 469 491 493 498 503 504 514 518 534 541 554 555 562 565 577 591 593 596 601 604 625 638 646 655 660 678 679 686 694 703 705 722
21 25 30 36 43 53 57 62 76 90 99 111 122 140 151 163 180 195 208 210 212 222 230 252 263 273 275 278 279 281 282 289 293 296 303 304 308 314 328 332 333 337 339 352 355 357 369 379 380 394 400 404 415 427 433 441 452 475 481 483 497 509 522 542 570 581 583 587 588 589 594 598 610 613 619 632 647 653 669 697
6 10 24 27 35 40 44 78 80 95 103 109 125 149 153 156 175 185 202 219 234 236 246 249 251 257 269 280 286 287 300 309 315 329 342 360 361 376 381 403 414 416 417 418 419 423 442 459 471 477 479 485 487 488 501 502 511 519 529 537 546 578 582 584 617 620 623 624 627 628 634 642 644 654 664 665 677 681 682 688 695 696 708 715 718
3 7 13 15 20 29 32 34 41 46 61 68 83 88 96 113 116 118 123 133 135 139 145 159 166 167 168 174 176 188 190 193 196 197 206 207 217 218 232 268 276 277 295 297 298 302 313 341 343 348 354 359 362 363 364 368 388 396 412 444 446 449 451 460 461 462 474 490 494 495 507 525 538 547 552 553 571 606 608 612 630 631 639 641 671 672 676 720
49435.8
