1 2 5 7 8 9 12 13 14 17 20 21 24 26 27 28 29 30 31 36 38 42 50 52 53 54 55 61 62 63 64 65 66 67 69 70 71 73 84 85 90 96 107 111 152 154 163 181 224 225 234 236 251 266 289 308 320 329 336 345 353 355 361 383 387 435 437 442 497 531 534 544 561 569 585 601 622 630 637 676 682 689 701 720 721
6 15 34 39 92 95 97 99 100 101 105 108 109 110 113 114 116 117 119 120 123 125 128 129 132 134 135 137 138 139 140 144 145 146 147 151 155 156 157 159 160 161 162 165 168 170 208 212 241 242 276 284 344 346 365 399 454 463 468 469 481 485 508 518 529 538 553 566 587 617 627 628 634 636 641 680 692 703 706 709 714 722
16 41 82 87 88 89 102 133 153 169 171 172 173 175 176 178 180 182 183 184 185 186 187 188 191 192 195 196 197 198 199 200 204 206 207 210 211 214 215 216 217 218 219 222 223 229 230 231 232 233 235 238 239 243 248 286 293 294 298 331 348 368 406 505 539 546 554 564 568 624 645 650 665 683 685 688 708 711
23 33 37 59 72 74 94 104 124 141 143 150 158 179 201 202 249 250 254 257 258 260 262 263 265 267 268 269 270 271 272 273 275 278 279 280 281 282 283 285 287 291 292 297 299 302 305 306 307 309 310 311 312 313 315 316 317 318 321 322 323 324 325 372 379 400 408 409 414 422 438 483 486 492 521 533 594 596 616 618 638 639
22 35 40 43 46 49 56 57 77 83 98 122 131 190 246 253 255 290 304 326 332 333 334 335 337 339 340 342 343 350 351 356 358 359 360 362 363 366 369 370 371 373 374 375 376 377 378 380 382 385 390 392 394 395 401 402 403 404 412 415 461 472 473 499 502 525 526 542 558 567 583 593 606 610 640 655 666 694 698 715
3 4 10 45 60 75 76 78 81 118 136 142 166 174 189 194 209 237 244 245 247 264 274 288 295 319 352 367 407 413 416 417 418 419 420 421 423 425 429 430 431 434 436 440 441 444 445 447 448 449 450 451 453 455 456 457 459 462 464 466 467 471 474 475 476 478 479 480 484 487 513 536 572 576 619 620 623 625 664 679 681 697 700
0 11 19 32 51 68 79 80 86 93 106 121 127 148 167 177 193 203 213 227 228 277 296 303 341 347 381 386 397 398 405 410 424 427 432 433 446 482 488 489 491 493 494 495 498 500 501 503 504 506 507 509 510 511 512 514 515 517 519 522 523 524 527 528 530 541 548 552 555 556 557 559 560 563 578 609 626 661 695 696 702
25 47 48 58 112 115 126 164 205 221 226 252 256 259 300 301 314 327 328 338 349 357 364 389 426 428 452 458 460 465 470 535 540 543 545 547 549 550 551 565 570 571 573 574 575 577 579 580 581 582 584 586 588 589 590 591 592 595 597 598 599 600 604 605 607 608 611 612 613 614 615 621 629 632 633 635 642 660 724
18 44 91 103 130 149 220 240 261 330 354 384 388 391 393 396 411 439 443 477 490 496 516 520 532 537 562 602 603 631 643 644 646 647 648 649 651 652 653 654 656 657 658 659 662 663 667 668 669 670 671 672 673 674 675 677 678 684 686 687 690 691 693 699 704 705 707 710 712 713 716 717 718 719 723
49466.8
